MEME version 5.4.1 (Tue Mar 1 19:18:48 2022 -0800)
ALPHABET= ACGT
strands: + -
Background letter frequencies (from uniform background):
A 0.25000 C 0.25000 G 0.25000 T 0.25000 
MOTIF M02878_2.00
letter-probability matrix: alength= 4 w= 17 nsites= 20 E= 0
	0.455331654072208	0.0458438287153652	0.145507976490344	0.353316540722082
	0.173692297414657	0.0247845547464761	0.75930255862115	0.0422205892177166
	0.0	0.940983989716022	0.0	0.059016010283978
	0.00506730007917656	0.0	0.98812351543943	0.00680918448139351
	0.0623177133968501	0.932432432432432	0.000777756173439627	0.00447209799727785
	0.00453068058701862	0.995469319412981	0.0	0.0
	0.507583682008368	0.453364714086471	0.0180439330543933	0.0210076708507671
	0.0078619193927345	0.640791613952648	0.0	0.351346466654618
	0.0	0.999887298546151	0.000112701453848755	0.0
	0.00259467040673212	0.00343618513323983	0.00161290322580645	0.992356241234222
	0.763660017346054	0.0209598149754264	0.117447239086441	0.0979329285920786
	0.00731826313221662	0.13140348024069	0.799154334038055	0.0621239225890389
	0.0137676798074029	0.387977730965995	0.0	0.598254589226602
	0.000232693426410704	0.0	0.985689354275742	0.0140779522978476
	0.0397883183065465	0.011172089376715	0.731379851038808	0.21765974127793
	0.151956583833191	0.281976578120537	0.00816909454441588	0.557897743501857
	0.36441484300666	0.310526771040567	0.212438370383185	0.112620015569587

MOTIF M05846_2.00
letter-probability matrix: alength= 4 w= 17 nsites= 20 E= 0
	0.154	0.448	0.159	0.239
	0.145	0.406	0.264	0.184
	0.175	0.421	0.215	0.189
	0.316	0.203	0.204	0.276
	0.395	0.363	0.099	0.143
	0.118	0.339	0.196	0.348
	0.465	0.181	0.179	0.175
	0.162	0.251	0.507	0.08
	0.025	0.771	0.053	0.151
	0.081	0.134	0.643	0.143
	0.054	0.803	0.109	0.034
	0.018	0.927	0.04	0.015
	0.124	0.665	0.154	0.057
	0.043	0.803	0.019	0.136
	0.088	0.779	0.07	0.063
	0.179	0.154	0.04	0.628
	0.372	0.106	0.21	0.312

MOTIF M07550_2.00
letter-probability matrix: alength= 4 w= 15 nsites= 20 E= 0
	0.083799	0.335196	0.472067	0.108939
	0.047486	0.410615	0.047486	0.494413
	0.103352	0.036313	0.715084	0.145251
	0.094972	0.846369	0.019553	0.039106
	0.0	0.98324	0.0	0.01676
	0.410615	0.527933	0.00838	0.053073
	0.0	0.600559	0.0	0.399441
	0.005587	0.994413	0.0	0.0
	0.058659	0.055866	0.00838	0.877095
	0.365922	0.044693	0.416201	0.173184
	0.022346	0.405028	0.527933	0.044693
	0.145251	0.053073	0.036313	0.765363
	0.0	0.0	1.0	0.0
	0.064246	0.069832	0.776536	0.089385
	0.184358	0.449721	0.075419	0.290503

MOTIF M07551_2.00
letter-probability matrix: alength= 4 w= 11 nsites= 20 E= 0
	0.0	0.315789	0.0	0.684211
	0.052632	0.0	0.105263	0.842105
	0.0	0.0	0.0	1.0
	0.052632	0.0	0.157895	0.789474
	0.0	0.0	0.0	1.0
	0.526316	0.052632	0.263158	0.157895
	0.0	0.052632	0.0	0.947368
	0.052632	0.105263	0.105263	0.736842
	0.0	0.0	0.0	1.0
	0.0	0.0	0.0	1.0
	0.0	0.0	0.0	1.0

MOTIF M07552_2.00
letter-probability matrix: alength= 4 w= 19 nsites= 20 E= 0
	1.0	0.0	0.0	0.0
	0.5	0.3	0.2	0.0
	0.7	0.1	0.1	0.1
	0.0	0.8	0.0	0.2
	0.8	0.1	0.0	0.1
	0.0	0.2	0.8	0.0
	1.0	0.0	0.0	0.0
	0.5	0.0	0.5	0.0
	0.4	0.1	0.2	0.3
	0.0	0.0	0.1	0.9
	0.0	0.8	0.0	0.2
	0.0	0.9	0.0	0.1
	0.3	0.4	0.1	0.2
	0.0	0.7	0.0	0.3
	0.0	0.0	0.0	1.0
	0.0	0.4	0.6	0.0
	0.0	0.0	0.1	0.9
	0.1	0.0	0.8	0.1
	0.0	0.2	0.0	0.8

MOTIF M07862_2.00
letter-probability matrix: alength= 4 w= 21 nsites= 20 E= 0
	0.327083	0.310417	0.239583	0.122917
	0.0624999375000625	0.341666658333342	0.272916727083273	0.322916677083323
	0.4	0.108333	0.375	0.116667
	0.05625	0.30625	0.55625	0.08125
	0.0125	0.59375	0.014583	0.379167
	0.072917	0.008333	0.8375	0.08125
	0.0624999375000625	0.891666108333892	0.0166669833330167	0.0291669708330292
	0.0	0.99375	0.0	0.00625
	0.345833	0.60625	0.01875	0.029167
	0.0	0.604167	0.0	0.395833
	0.002083	0.997917	0.0	0.0
	0.035417	0.0375	0.014583	0.9125
	0.229167	0.077083	0.5625	0.13125
	0.0125	0.358333	0.59375	0.035417
	0.10625	0.220833	0.016667	0.65625
	0.0	0.0	0.997917	0.002083
	0.052083	0.045833	0.816667	0.085417
	0.164583	0.520833	0.097917	0.216667
	0.191667	0.4375	0.170833	0.2
	0.424999575000425	0.147916852083148	0.341666658333342	0.0854169145830854
	0.279167	0.295833	0.216667	0.208333

MOTIF M07863_2.00
letter-probability matrix: alength= 4 w= 16 nsites= 20 E= 0
	0.032454	0.407708	0.255578	0.30426
	0.397565602434397	0.117646882353118	0.405679594320406	0.0791079208920791
	0.034483	0.322515	0.600406	0.042596
	0.006085	0.628803	0.010142	0.35497
	0.048682	0.010142	0.874239	0.066937
	0.06288	0.833671	0.03854	0.064909
	0.0	0.989858	0.0	0.010142
	0.342799	0.598377	0.030426	0.028398
	0.0	0.608519	0.004057	0.387424
	0.0	0.997972	0.002028	0.0
	0.0182559817440183	0.0608519391480609	0.0304259695740304	0.89046610953389
	0.221095	0.079108	0.596349	0.103448
	0.006085	0.35497	0.612576	0.026369
	0.070994	0.217039	0.016227	0.69574
	0.00202800202800203	0.00202800202800203	0.991886991886992	0.00405700405700406
	0.036511	0.044625	0.851927	0.066937

MOTIF M07864_2.00
letter-probability matrix: alength= 4 w= 15 nsites= 20 E= 0
	0.416834	0.08016	0.416834	0.086172
	0.0400800400800401	0.352705352705353	0.547094547094547	0.0601200601200601
	0.032064	0.581162	0.008016	0.378758
	0.104208104208104	0.02004002004002	0.77955977955978	0.0961920961920962
	0.0501	0.735471	0.046092	0.168337
	0.0	0.98998	0.0	0.01002
	0.364729364729365	0.571142571142571	0.024048024048024	0.0400800400800401
	0.01002	0.533066	0.01002	0.446894
	0.0	1.0	0.0	0.0
	0.036072	0.046092	0.01002	0.907816
	0.340681	0.056112	0.46493	0.138277
	0.018036018036018	0.324649324649325	0.621242621242621	0.0360720360720361
	0.08016	0.126253	0.02004	0.773547
	0.008016	0.0	0.991984	0.0
	0.0521040521040521	0.0400800400800401	0.81963981963982	0.0881760881760882

MOTIF M07865_2.00
letter-probability matrix: alength= 4 w= 16 nsites= 20 E= 0
	0.269777	0.413793	0.204868	0.111562
	0.0182559817440183	0.344827655172345	0.233265766734233	0.403650596349404
	0.403651	0.066937	0.448276	0.081136
	0.0162270162270162	0.363083363083363	0.567951567951568	0.0527380527380527
	0.014199	0.58215	0.004057	0.399594
	0.060852	0.01217	0.845842	0.081136
	0.0527380527380527	0.817444817444818	0.0365110365110365	0.0933060933060933
	0.0	0.995943	0.0	0.004057
	0.344828	0.598377	0.026369	0.030426
	0.0101419898580101	0.574036425963574	0.00405699594300406	0.411764588235412
	0.0	0.995943995943996	0.00202800202800203	0.00202800202800203
	0.0344829655170345	0.0405679594320406	0.0141989858010142	0.910750089249911
	0.298174	0.066937	0.523327	0.111562
	0.0243409756590243	0.334685665314335	0.606490393509607	0.0344829655170345
	0.077079	0.168357	0.030426	0.724138
	0.00608500608500608	0.0	0.991886991886992	0.00202800202800203

MOTIF M07866_2.00
letter-probability matrix: alength= 4 w= 15 nsites= 20 E= 0
	0.042339	0.334677	0.540323	0.082661
	0.0201610201610202	0.568548568548569	0.0141130141130141	0.397177397177397
	0.076613	0.022177	0.798387	0.102823
	0.040323	0.78629	0.03629	0.137097
	0.004032	0.981855	0.0	0.014113
	0.360887	0.576613	0.028226	0.034274
	0.0100809899190101	0.487902512097488	0.00806499193500806	0.493951506048494
	0.0	1.0	0.0	0.0
	0.0262099737900262	0.0423389576610423	0.0161289838710161	0.915322084677915
	0.316532	0.046371	0.487903	0.149194
	0.0161290161290161	0.332661332661333	0.614919614919615	0.0362900362900363
	0.0665320665320665	0.147177147177147	0.0161290161290161	0.77016177016177
	0.002016	0.0	0.997984	0.0
	0.0483869516130484	0.0423389576610423	0.836693163306837	0.0725809274190726
	0.135081	0.582661	0.050403	0.231855

MOTIF M07867_2.00
letter-probability matrix: alength= 4 w= 13 nsites= 20 E= 0
	0.139676	0.020243	0.706478	0.133603
	0.0789470789470789	0.753036753036753	0.0303640303640304	0.137652137652138
	0.00404899595100405	0.977732022267978	0.0	0.0182189817810182
	0.439271439271439	0.536437536437536	0.0080970080970081	0.0161940161940162
	0.008097	0.435223	0.008097	0.548583
	0.002024	0.993927	0.0	0.004049
	0.032389	0.036437	0.012146	0.919028
	0.42915	0.038462	0.370445	0.161943
	0.016194	0.309717	0.647773	0.026316
	0.0728740728740729	0.0708500708500708	0.00607300607300607	0.85020285020285
	0.0	0.0	1.0	0.0
	0.05668	0.026316	0.817814	0.09919
	0.153846	0.473684	0.048583	0.323887

MOTIF M07868_2.00
letter-probability matrix: alength= 4 w= 15 nsites= 20 E= 0
	0.04	0.392	0.486	0.082
	0.032	0.528	0.008	0.432
	0.108	0.018	0.748	0.126
	0.062	0.742	0.044	0.152
	0.002	0.982	0.0	0.016
	0.346	0.598	0.028	0.028
	0.012	0.514	0.012	0.462
	0.006	0.986	0.006	0.002
	0.038	0.046	0.014	0.902
	0.36	0.052	0.442	0.146
	0.014	0.298	0.638	0.05
	0.072	0.136	0.024	0.768
	0.002	0.0	0.994	0.004
	0.052	0.018	0.854	0.076
	0.138	0.552	0.058	0.252

MOTIF M07869_2.00
letter-probability matrix: alength= 4 w= 15 nsites= 20 E= 0
	0.054	0.304	0.568	0.074
	0.012	0.652	0.024	0.312
	0.052	0.026	0.804	0.118
	0.034	0.804	0.05	0.112
	0.006	0.982	0.004	0.008
	0.282	0.644	0.032	0.042
	0.008	0.592	0.012	0.388
	0.002	0.998	0.0	0.0
	0.022	0.05	0.018	0.91
	0.288	0.074	0.53	0.108
	0.02	0.336	0.622	0.022
	0.09	0.214	0.024	0.672
	0.008	0.0	0.99	0.002
	0.048	0.034	0.856	0.062
	0.134	0.602	0.066	0.198

MOTIF M07870_2.00
letter-probability matrix: alength= 4 w= 15 nsites= 20 E= 0
	0.0559009440990559	0.293995706004294	0.583850416149584	0.0662529337470663
	0.028986	0.585921	0.022774	0.362319
	0.064182	0.018634	0.78882	0.128364
	0.0662529337470663	0.853001146998853	0.0248449751550248	0.0559009440990559
	0.0	0.993789	0.006211	0.0
	0.364389	0.592133	0.020704	0.022774
	0.004141	0.559006	0.004141	0.432712
	0.0	0.995859	0.0	0.004141
	0.0207039792960207	0.0559009440990559	0.028985971014029	0.894409105590894
	0.312629	0.076605	0.517598	0.093168
	0.00207000207000207	0.327122327122327	0.643892643892644	0.0269150269150269
	0.086956913043087	0.146997853002147	0.0186339813660186	0.747411252588747
	0.0	0.0	1.0	0.0
	0.041408	0.026915	0.861284	0.070393
	0.128364128364128	0.585921585921586	0.0786750786750787	0.207039207039207

MOTIF M07871_2.00
letter-probability matrix: alength= 4 w= 15 nsites= 20 E= 0
	0.048	0.006	0.892	0.054
	0.078	0.864	0.02	0.038
	0.006	0.984	0.0	0.01
	0.426	0.496	0.044	0.034
	0.002	0.664	0.004	0.33
	0.006	0.968	0.012	0.014
	0.022	0.074	0.048	0.856
	0.194	0.108	0.572	0.126
	0.012	0.374	0.596	0.018
	0.056	0.208	0.006	0.73
	0.002	0.004	0.98	0.014
	0.044	0.052	0.828	0.076
	0.126	0.6	0.08	0.194
	0.148	0.548	0.18	0.124
	0.39	0.14	0.398	0.072

MOTIF M07872_2.00
letter-probability matrix: alength= 4 w= 15 nsites= 20 E= 0
	0.378818621181379	0.0794299205700794	0.443991556008444	0.0977599022400977
	0.0325869674130326	0.401221598778401	0.505091494908505	0.0610999389000611
	0.010183	0.527495	0.00611	0.456212
	0.07943	0.016293	0.826884	0.077393
	0.07943	0.814664	0.03055	0.075356
	0.00611	0.98167	0.0	0.01222
	0.415478584521416	0.517311482688517	0.0366599633400367	0.0305499694500306
	0.00203699796300204	0.576374423625576	0.00203699796300204	0.41955158044842
	0.00611	0.98778	0.0	0.00611
	0.0407330407330407	0.0773930773930774	0.0285130285130285	0.853360853360853
	0.303462	0.071283	0.486762	0.138493
	0.01222	0.331976	0.627291	0.028513
	0.059063	0.156823	0.002037	0.782077
	0.0	0.0	0.991853	0.008147
	0.0468430468430468	0.0509160509160509	0.845214845214845	0.057026057026057

MOTIF M07873_2.00
letter-probability matrix: alength= 4 w= 21 nsites= 20 E= 0
	0.104603	0.554393	0.186192	0.154812
	0.194561	0.236402	0.223849	0.345188
	0.280335	0.351464	0.213389	0.154812
	0.035565	0.311715	0.334728	0.317992
	0.395397395397395	0.0983260983260983	0.41004241004241	0.0962340962340962
	0.0397489602510397	0.278242721757278	0.612970387029613	0.069037930962069
	0.020921	0.667364	0.014644	0.297071
	0.07113	0.01046	0.8159	0.10251
	0.0271969728030272	0.815899184100816	0.0376569623430377	0.119246880753119
	0.0	0.985356	0.006276	0.008368
	0.259414259414259	0.642259642259642	0.0502090502090502	0.0481170481170481
	0.014644	0.58159	0.004184	0.399582
	0.004184	0.991632	0.0	0.004184
	0.0146440146440146	0.0523010523010523	0.0146440146440146	0.918410918410918
	0.311715	0.050209	0.523013	0.115063
	0.0146439853560146	0.315899684100316	0.646443353556646	0.023012976987023
	0.094142	0.192469	0.027197	0.686192
	0.0	0.0	0.997908	0.002092
	0.029289	0.031381	0.887029	0.052301
	0.119247	0.566946	0.087866	0.225941
	0.179916	0.466527	0.196653	0.156904

MOTIF M07874_2.00
letter-probability matrix: alength= 4 w= 15 nsites= 20 E= 0
	0.349693	0.100204	0.458078	0.092025
	0.047034952965047	0.278118721881278	0.603271396728603	0.0715749284250716
	0.0163599836400164	0.689161310838689	0.0122699877300123	0.282208717791282
	0.0715749284250716	0.0122699877300123	0.838445161554839	0.0777099222900777
	0.03272	0.779141	0.051125	0.137014
	0.006135	0.985685	0.0	0.00818
	0.276073723926276	0.61963138036862	0.0674849325150675	0.0368099631900368
	0.0	0.603272	0.002045	0.394683
	0.0	0.997955	0.002045	0.0
	0.010225	0.047035	0.02045	0.92229
	0.265848734151266	0.0429449570550429	0.603271396728603	0.0879349120650879
	0.00204499795500204	0.296523703476296	0.678936321063679	0.0224949775050225
	0.0777099222900777	0.235173764826235	0.0224949775050225	0.664621335378665
	0.0	0.002045	0.993865	0.00409
	0.0327199672800327	0.0327199672800327	0.875255124744875	0.0593049406950593

MOTIF M07875_2.00
letter-probability matrix: alength= 4 w= 15 nsites= 20 E= 0
	0.038306	0.274194	0.635081	0.052419
	0.022177	0.701613	0.018145	0.258065
	0.0564519435480565	0.0161289838710161	0.854838145161855	0.0725809274190726
	0.0604839395160605	0.774193225806774	0.0584679415320585	0.106854893145107
	0.00403200403200403	0.987903987903988	0.00201600201600202	0.00604800604800605
	0.252016	0.641129	0.076613	0.030242
	0.002016	0.653226	0.006048	0.33871
	0.0	0.993952	0.002016	0.004032
	0.020161	0.080645	0.028226	0.870968
	0.227823	0.070565	0.616935	0.084677
	0.00403200403200403	0.346774346774347	0.629032629032629	0.0201610201610202
	0.0705649294350706	0.314515685484314	0.0120969879030121	0.602822397177603
	0.0	0.0	0.997984	0.002016
	0.0282259717740282	0.0282259717740282	0.883064116935883	0.0604839395160605
	0.108871	0.614919	0.080645	0.195565

MOTIF M07876_2.00
letter-probability matrix: alength= 4 w= 15 nsites= 20 E= 0
	0.0440880440880441	0.298597298597299	0.577154577154577	0.0801600801600802
	0.02004	0.649299	0.016032	0.314629
	0.0721440721440721	0.0300600300600301	0.813627813627814	0.0841680841680842
	0.042084	0.769539	0.054108	0.134269
	0.006012	0.97996	0.004008	0.01002
	0.286573286573287	0.623246623246623	0.0581160581160581	0.0320640320640321
	0.002004	0.611222	0.006012	0.380762
	0.004008	0.993988	0.002004	0.0
	0.014028	0.066132	0.02004	0.8998
	0.284569284569285	0.0561120561120561	0.569138569138569	0.0901800901800902
	0.002004	0.320641	0.659319	0.018036
	0.06012	0.220441	0.018036	0.701403
	0.0	0.0	0.991984	0.008016
	0.028056	0.024048	0.891784	0.056112
	0.114228114228114	0.593186593186593	0.0781560781560782	0.214429214429214

MOTIF M07877_2.00
letter-probability matrix: alength= 4 w= 15 nsites= 20 E= 0
	0.384306	0.094567	0.434608	0.086519
	0.038229	0.297787	0.583501	0.080483
	0.0201209798790201	0.633802366197634	0.0140849859150141	0.331991668008332
	0.06841	0.022133	0.83501	0.074447
	0.0402410402410402	0.790744790744791	0.0342050342050342	0.134809134809135
	0.002012	0.993964	0.0	0.004024
	0.32998	0.585513	0.05835	0.026157
	0.008048	0.603622	0.004024	0.384306
	0.006036	0.987928	0.004024	0.002012
	0.01006	0.062374	0.018109	0.909457
	0.283702	0.04829	0.567404	0.100604
	0.008048	0.315895	0.655936	0.020121
	0.0744469255530745	0.209255790744209	0.0261569738430262	0.69014030985969
	0.0	0.002012	0.997988	0.0
	0.0342050342050342	0.0321930321930322	0.867203867203867	0.0663980663980664

MOTIF M07878_2.00
letter-probability matrix: alength= 4 w= 15 nsites= 20 E= 0
	0.0421689578310422	0.228915771084229	0.676706323293677	0.0522089477910522
	0.022088	0.732932	0.01004	0.23494
	0.046185	0.022088	0.87751	0.054217
	0.0401609598390402	0.811244188755811	0.0461849538150462	0.102409897590102
	0.004016	0.983936	0.008032	0.004016
	0.202811	0.674699	0.084337	0.038153
	0.004016	0.680723	0.002008	0.313253
	0.002008	0.993976	0.002008	0.002008
	0.0180720180720181	0.0823290823290823	0.0220880220880221	0.877510877510878
	0.238956	0.062249	0.626506	0.072289
	0.002008	0.327309	0.656627	0.014056
	0.0662650662650663	0.327309327309327	0.0140560140560141	0.592369592369592
	0.0	0.004016	0.991968	0.004016
	0.028112	0.032129	0.895582	0.044177
	0.096386	0.62249	0.078313	0.202811

MOTIF M07879_2.00
letter-probability matrix: alength= 4 w= 15 nsites= 20 E= 0
	0.036072	0.240481	0.661323	0.062124
	0.02004	0.733467	0.012024	0.234469
	0.0480960480960481	0.018036018036018	0.85971985971986	0.0741480741480742
	0.0440880440880441	0.817635817635818	0.0340680340680341	0.104208104208104
	0.004008	0.985972	0.002004	0.008016
	0.238477	0.655311	0.066132	0.04008
	0.008016	0.653307	0.01002	0.328657
	0.006012	0.985972	0.004008	0.004008
	0.014028	0.07014	0.022044	0.893788
	0.252505252505252	0.0601200601200601	0.615230615230615	0.0721440721440721
	0.01002	0.336673	0.625251	0.028056
	0.0841680841680842	0.278557278557279	0.02004002004002	0.617234617234617
	0.004008	0.002004	0.985972	0.008016
	0.028056	0.034068	0.883768	0.054108
	0.116232116232116	0.611222611222611	0.0741480741480741	0.198397198397198

MOTIF M07880_2.00
letter-probability matrix: alength= 4 w= 15 nsites= 20 E= 0
	0.081081	0.012474	0.823285	0.08316
	0.029106	0.81289	0.047817	0.110187
	0.0	0.997921	0.002079	0.0
	0.345114	0.586279	0.04158	0.027027
	0.008316	0.569647	0.004158	0.417879
	0.0	0.997921	0.0	0.002079
	0.022869	0.064449	0.024948	0.887734
	0.297297	0.054054	0.54262	0.106029
	0.008316	0.330561	0.632017	0.029106
	0.08316	0.172557	0.02079	0.723493
	0.0	0.0	1.0	0.0
	0.031185	0.035343	0.852391	0.081081
	0.120582	0.573805	0.070686	0.234927
	0.185031185031185	0.461538461538462	0.174636174636175	0.178794178794179
	0.415800415800416	0.135135135135135	0.363825363825364	0.0852390852390852

MOTIF M07881_2.00
letter-probability matrix: alength= 4 w= 15 nsites= 20 E= 0
	0.006224	0.622407	0.014523	0.356846
	0.082987917012083	0.0082989917010083	0.84024815975184	0.0684649315350685
	0.051867	0.813278	0.039419	0.095436
	0.0	0.995851	0.004149	0.0
	0.369294630705369	0.582987417012583	0.0248959751040249	0.0228219771780228
	0.0103730103730104	0.578838578838579	0.00622400622400622	0.404564404564405
	0.0	1.0	0.0	0.0
	0.037344	0.053942	0.014523	0.894191
	0.259336259336259	0.0767630767630768	0.576763576763577	0.0871370871370871
	0.010373	0.319502	0.649378	0.020747
	0.0746889253110747	0.201244798755201	0.0082989917010083	0.715767284232716
	0.0	0.0	1.0	0.0
	0.0352699647300353	0.0518669481330519	0.82987517012483	0.082987917012083
	0.141079	0.574689	0.085062	0.19917
	0.182573	0.485477	0.16805	0.1639

MOTIF M07882_2.00
letter-probability matrix: alength= 4 w= 12 nsites= 20 E= 0
	0.00404	0.555556	0.00202	0.438384
	0.09697	0.012121	0.806061	0.084848
	0.0424240424240424	0.844444844444844	0.0383840383840384	0.0747470747470747
	0.0	0.991919	0.00202	0.006061
	0.428283	0.531313	0.020202	0.020202
	0.00404	0.567677	0.00202	0.426263
	0.00404	0.985859	0.006061	0.00404
	0.0222220222220222	0.0505050505050505	0.0343430343430343	0.892929892929893
	0.319192	0.070707	0.482828	0.127273
	0.008081	0.331313	0.634343	0.026263
	0.052525	0.135354	0.008081	0.80404
	0.0	0.0	0.989899	0.010101

MOTIF M07883_2.00
letter-probability matrix: alength= 4 w= 17 nsites= 20 E= 0
	0.0269150269150269	0.291925291925292	0.302277302277302	0.378882378882379
	0.329193	0.120083	0.453416	0.097308
	0.037267	0.31677	0.57764	0.068323
	0.022774	0.63147	0.004141	0.341615
	0.0703930703930704	0.0227740227740228	0.842650842650843	0.0641820641820642
	0.0559009440990559	0.755693244306756	0.0476189523810476	0.140786859213141
	0.0	0.987577012422988	0.00414099585900414	0.00828199171800828
	0.308488691511308	0.608695391304609	0.0517599482400518	0.0310559689440311
	0.0144929855070145	0.573498426501574	0.00828199171800828	0.403726596273404
	0.0	1.0	0.0	0.0
	0.0186339813660186	0.0476189523810476	0.0144929855070145	0.919254080745919
	0.281573281573282	0.06004106004106	0.567288567288567	0.0910970910970911
	0.004141	0.304348	0.664596	0.026915
	0.0683230683230683	0.175983175983176	0.0227740227740228	0.732919732919733
	0.0	0.0	1.0	0.0
	0.039337	0.024845	0.869565	0.066253
	0.10559	0.604555	0.060041	0.229814

MOTIF M07884_2.00
letter-probability matrix: alength= 4 w= 15 nsites= 20 E= 0
	0.0601200601200601	0.324649324649325	0.535070535070535	0.0801600801600802
	0.01002001002001	0.611222611222611	0.00801600801600802	0.370741370741371
	0.118236118236118	0.02004002004002	0.761523761523762	0.1002001002001
	0.0420840420840421	0.835671835671836	0.0300600300600301	0.0921840921840922
	0.0	0.985972	0.0	0.014028
	0.376754	0.553106	0.024048	0.046092
	0.006012	0.601202	0.002004	0.390782
	0.008016	0.991984	0.0	0.0
	0.024048	0.052104	0.022044	0.901804
	0.290581	0.066132	0.503006	0.140281
	0.014028014028014	0.336673336673337	0.613226613226613	0.0360720360720361
	0.114228	0.146293	0.014028	0.725451
	0.002004	0.0	0.97996	0.018036
	0.0380760380760381	0.0541080541080541	0.823647823647824	0.0841680841680842
	0.162325	0.563126	0.056112	0.218437

MOTIF M07885_2.00
letter-probability matrix: alength= 4 w= 15 nsites= 20 E= 0
	0.068	0.256	0.588	0.088
	0.028	0.642	0.018	0.312
	0.058	0.014	0.826	0.102
	0.046	0.916	0.014	0.024
	0.0	0.98	0.002	0.018
	0.268	0.668	0.016	0.048
	0.0	0.614	0.002	0.384
	0.0	1.0	0.0	0.0
	0.024	0.042	0.01	0.924
	0.246	0.08	0.538	0.136
	0.02	0.344	0.6	0.036
	0.156	0.19	0.028	0.626
	0.004	0.002	0.982	0.012
	0.038	0.05	0.826	0.086
	0.158	0.552	0.078	0.212

MOTIF M07886_2.00
letter-probability matrix: alength= 4 w= 15 nsites= 20 E= 0
	0.028226	0.34879	0.570565	0.052419
	0.016129	0.612903	0.010081	0.360887
	0.0806450806450806	0.0221770221770222	0.798387798387798	0.0987900987900988
	0.048387	0.792339	0.046371	0.112903
	0.00201600201600202	0.98991998991999	0.00201600201600202	0.00604800604800605
	0.336694	0.600806	0.028226	0.034274
	0.006048	0.540323	0.010081	0.443548
	0.0	1.0	0.0	0.0
	0.00806499193500806	0.0624999375000625	0.0141129858870141	0.915322084677915
	0.280242	0.0625	0.532258	0.125
	0.012097	0.316532	0.641129	0.030242
	0.060484	0.181452	0.020161	0.737903
	0.002016	0.0	0.997984	0.0
	0.040323	0.03629	0.864919	0.058468
	0.114919114919115	0.606855606855607	0.0544350544350544	0.223790223790224

MOTIF M07887_2.00
letter-probability matrix: alength= 4 w= 18 nsites= 20 E= 0
	0.379098	0.067623	0.440574	0.112705
	0.0389340389340389	0.356557356557357	0.543033543033543	0.0614750614750615
	0.020492	0.569672	0.012295	0.397541
	0.0758199241800758	0.0184429815570184	0.793032206967793	0.112704887295113
	0.061475	0.805328	0.045082	0.088115
	0.006148	0.981557	0.0	0.012295
	0.34016365983634	0.608606391393609	0.0184429815570184	0.0327869672130328
	0.00614799385200615	0.563524436475563	0.00614799385200615	0.424179575820424
	0.004098	0.995902	0.0	0.0
	0.0307379692620307	0.0532789467210533	0.0204919795080205	0.895491104508896
	0.293033	0.057377	0.487705	0.161885
	0.010246	0.317623	0.635246	0.036885
	0.081967	0.155738	0.014344	0.747951
	0.0	0.0	0.997951	0.002049
	0.059426	0.045082	0.836066	0.059426
	0.135246	0.616803	0.057377	0.190574
	0.202869	0.467213	0.186475	0.143443
	0.442622557377443	0.131147868852131	0.360655639344361	0.0655739344260656

MOTIF M07888_2.00
letter-probability matrix: alength= 4 w= 15 nsites= 20 E= 0
	0.01417	0.605263	0.01417	0.366397
	0.09919	0.022267	0.775304	0.103239
	0.0425100425100425	0.773279773279773	0.0425100425100425	0.141700141700142
	0.0	0.987854	0.0	0.012146
	0.315789315789316	0.627530627530628	0.0283400283400283	0.0283400283400283
	0.0101210101210101	0.493927493927494	0.0101210101210101	0.485830485830486
	0.0	1.0	0.0	0.0
	0.0222670222670223	0.0546560546560547	0.0101210101210101	0.912955912955913
	0.32996	0.064777	0.48583	0.119433
	0.01417	0.313765	0.629555	0.04251
	0.080972	0.1417	0.02834	0.748988
	0.0	0.0	1.0	0.0
	0.054656	0.034413	0.836032	0.074899
	0.131578868421132	0.587044412955587	0.0546559453440547	0.226720773279227
	0.200405	0.425101	0.208502	0.165992

MOTIF M07889_2.00
letter-probability matrix: alength= 4 w= 14 nsites= 20 E= 0
	0.0281120281120281	0.558233558233558	0.01004001004001	0.403614403614404
	0.102409897590102	0.012047987952012	0.785140214859785	0.1004018995981
	0.0622489377510623	0.787148212851787	0.0341369658630341	0.116465883534116
	0.004016	0.983936	0.0	0.012048
	0.391566	0.546185	0.02008	0.042169
	0.00602400602400602	0.53012053012053	0.00803200803200803	0.455823455823456
	0.0	0.987952	0.0	0.012048
	0.0381529618470382	0.0321289678710321	0.0160639839360161	0.913654086345914
	0.311245	0.056225	0.47992	0.15261
	0.014056	0.333333	0.616466	0.036145
	0.084337	0.106426	0.016064	0.793173
	0.006024	0.0	0.993976	0.0
	0.0341369658630341	0.0461849538150462	0.845381154618845	0.0742969257030743
	0.134538	0.552209	0.076305	0.236948

MOTIF M07890_2.00
letter-probability matrix: alength= 4 w= 13 nsites= 20 E= 0
	0.02454	0.537832	0.00818	0.429448
	0.130879130879131	0.0224950224950225	0.736196736196736	0.11042911042911
	0.05317	0.754601	0.051125	0.141104
	0.00409	0.98364	0.0	0.01227
	0.408998	0.539877	0.02863	0.022495
	0.006135	0.482618	0.006135	0.505112
	0.002045	0.99591	0.0	0.002045
	0.0306749693250307	0.0552149447850552	0.0224949775050225	0.891615108384892
	0.368098	0.055215	0.429448	0.147239
	0.014315	0.300613	0.648262	0.03681
	0.059305	0.106339	0.02045	0.813906
	0.002045	0.0	0.997955	0.0
	0.0429449570550429	0.0490799509200491	0.834355165644834	0.0736199263800736

MOTIF M07891_2.00
letter-probability matrix: alength= 4 w= 18 nsites= 20 E= 0
	0.401639401639402	0.0942620942620943	0.40983640983641	0.0942620942620943
	0.0286889713110287	0.35040964959035	0.553278446721553	0.0676229323770676
	0.0225409774590225	0.620901379098621	0.00614799385200615	0.35040964959035
	0.079918	0.02459	0.782787	0.112705
	0.036885	0.82582	0.038934	0.098361
	0.004098	0.989754	0.0	0.006148
	0.278689	0.641393	0.034836	0.045082
	0.00204900204900205	0.596311596311596	0.0040980040980041	0.397541397541398
	0.006148	0.991803	0.002049	0.0
	0.0286889713110287	0.0307379692620307	0.0081969918030082	0.932376067623932
	0.27459	0.034836	0.592213	0.098361
	0.00614799385200615	0.336065663934336	0.624999375000625	0.0327869672130328
	0.092213	0.161885	0.012295	0.733607
	0.0	0.0	1.0	0.0
	0.034836	0.030738	0.885246	0.04918
	0.112705	0.592213	0.092213	0.202869
	0.211065788934211	0.461065538934461	0.176229823770176	0.151638848361152
	0.440574	0.125	0.356557	0.077869

MOTIF M07892_2.00
letter-probability matrix: alength= 4 w= 15 nsites= 20 E= 0
	0.415612	0.06962	0.367089	0.147679
	0.052743	0.280591	0.575949	0.090717
	0.029536	0.540084	0.016878	0.413502
	0.080169	0.027426	0.748945	0.14346
	0.0654009345990654	0.831223168776831	0.0506329493670506	0.0527429472570527
	0.006329	0.983122	0.0	0.010549
	0.386076	0.57384	0.006329	0.033755
	0.00421900421900422	0.554852554852555	0.00843900843900844	0.432489432489433
	0.010549	0.989451	0.0	0.0
	0.035865	0.054852	0.008439	0.900844
	0.360759360759361	0.0358650358650359	0.455696455696456	0.147679147679148
	0.0168779831220169	0.25949374050626	0.672995327004673	0.0506329493670506
	0.118143	0.116034	0.033755	0.732068
	0.0	0.0	0.985232	0.014768
	0.048523	0.042194	0.85865	0.050633

MOTIF M07893_2.00
letter-probability matrix: alength= 4 w= 15 nsites= 20 E= 0
	0.0562250562250562	0.397590397590398	0.455823455823456	0.0903610903610904
	0.018072	0.46988	0.016064	0.495984
	0.108434	0.026104	0.803213	0.062249
	0.0622490622490623	0.839357839357839	0.0220880220880221	0.0763050763050763
	0.008032	0.977912	0.002008	0.012048
	0.465863465863466	0.491968491968492	0.0240960240960241	0.0180720180720181
	0.002008	0.556225	0.004016	0.437751
	0.012048	0.97992	0.0	0.008032
	0.038153	0.078313	0.008032	0.875502
	0.321285	0.064257	0.485944	0.128514
	0.0160640160640161	0.335341335341335	0.630522630522631	0.0180720180720181
	0.0742970742970743	0.0883530883530883	0.0140560140560141	0.823293823293823
	0.0	0.0	0.995984	0.004016
	0.0562250562250562	0.0281120281120281	0.833333833333833	0.0823290823290823
	0.136546136546137	0.522088522088522	0.0742970742970743	0.267068267068267

MOTIF M07894_2.00
letter-probability matrix: alength= 4 w= 17 nsites= 20 E= 0
	0.241379	0.395538	0.261663	0.10142
	0.0385399614600385	0.336713663286337	0.29006070993929	0.334685665314335
	0.344827655172345	0.115618884381116	0.46044553955446	0.0791079208920791
	0.052738	0.283976	0.602434	0.060852
	0.016227	0.703854	0.014199	0.26572
	0.066937	0.018256	0.813387	0.10142
	0.034483	0.845842	0.046653	0.073022
	0.006085	0.979716	0.006085	0.008114
	0.247464752535247	0.695739304260696	0.0283979716020284	0.0283979716020284
	0.0	0.628803	0.004057	0.36714
	0.0	0.997972	0.0	0.002028
	0.0344829655170345	0.0486819513180487	0.0182559817440183	0.898579101420898
	0.263691736308264	0.0608519391480608	0.59026340973659	0.0851929148070852
	0.01217	0.283976	0.675456	0.028398
	0.0851929148070852	0.202839797160203	0.0385399614600385	0.673427326572673
	0.0	0.0	0.991886	0.008114
	0.034483	0.042596	0.858012	0.064909

MOTIF M07895_2.00
letter-probability matrix: alength= 4 w= 18 nsites= 20 E= 0
	0.342672	0.323276	0.226293	0.107759
	0.0625	0.323276	0.280172	0.334052
	0.407327592672407	0.0948279051720948	0.385775614224386	0.112068887931112
	0.060345	0.344828	0.528017	0.06681
	0.036638	0.551724	0.025862	0.385776
	0.0948279051720948	0.0215519784480216	0.747844252155748	0.135775864224136
	0.0581899418100582	0.827585172414828	0.0452589547410453	0.068965931034069
	0.006466	0.978448	0.0	0.015086
	0.318965681034319	0.594827405172595	0.0258619741380259	0.0603449396550603
	0.012931	0.571121	0.002155	0.413793
	0.0	0.993534	0.0	0.006466
	0.028017	0.05819	0.015086	0.898707
	0.366379	0.0625	0.4375	0.133621
	0.0193969806030194	0.39008560991439	0.558189441810558	0.0323279676720323
	0.118534118534119	0.127155127155127	0.0237070237070237	0.730603730603731
	0.0	0.0	1.0	0.0
	0.038793	0.045259	0.840517	0.075431
	0.124999875000125	0.521551478448521	0.068965931034069	0.284482715517284

MOTIF M07896_2.00
letter-probability matrix: alength= 4 w= 15 nsites= 20 E= 0
	0.435222564777435	0.0971659028340972	0.352226647773352	0.115384884615115
	0.0566799433200567	0.295546704453296	0.580971419028581	0.0668019331980668
	0.030364	0.580972	0.016194	0.37247
	0.0566800566800567	0.0101210101210101	0.856275856275856	0.0769230769230769
	0.062753	0.892713	0.01417	0.030364
	0.008097	0.983806	0.002024	0.006073
	0.352227	0.605263	0.012146	0.030364
	0.0	0.601215	0.0	0.398785
	0.0	1.0	0.0	0.0
	0.0222670222670223	0.0506070506070506	0.0161940161940162	0.910931910931911
	0.251012	0.074899	0.552632	0.121457
	0.018219	0.350202	0.601215	0.030364
	0.117409	0.176113	0.022267	0.684211
	0.0	0.0	1.0	0.0
	0.060729	0.062753	0.783401	0.093117

MOTIF M07897_2.00
letter-probability matrix: alength= 4 w= 15 nsites= 20 E= 0
	0.507042	0.042254	0.338028	0.112676
	0.0583500583500584	0.366197366197366	0.509054509054509	0.0663980663980664
	0.0261569738430262	0.462776537223463	0.0140849859150141	0.496981503018497
	0.114688114688115	0.00603600603600604	0.756539756539757	0.122736122736123
	0.100604	0.758551	0.034205	0.10664
	0.0	0.98994	0.0	0.01006
	0.476861	0.464789	0.01006	0.04829
	0.008048	0.496982	0.006036	0.488934
	0.00402400402400402	0.983903983903984	0.0	0.0120720120720121
	0.030181	0.04829	0.008048	0.913481
	0.440644440644441	0.0342050342050342	0.346076346076346	0.179074179074179
	0.0241449758550241	0.325955674044326	0.635814364185636	0.0140849859150141
	0.0744469255530745	0.0744469255530745	0.0	0.851106148893851
	0.0	0.002012	0.991952	0.006036
	0.0523139476860523	0.0422539577460423	0.798792201207799	0.106639893360107

MOTIF M07898_2.00
letter-probability matrix: alength= 4 w= 14 nsites= 20 E= 0
	0.044	0.608	0.01	0.338
	0.096	0.016	0.776	0.112
	0.048	0.834	0.03	0.088
	0.002	0.97	0.0	0.028
	0.302	0.626	0.036	0.036
	0.012	0.594	0.004	0.39
	0.002	0.988	0.004	0.006
	0.018	0.062	0.01	0.91
	0.322	0.062	0.518	0.098
	0.004	0.396	0.576	0.024
	0.118	0.172	0.03	0.68
	0.002	0.002	0.982	0.014
	0.042	0.058	0.826	0.074
	0.118	0.544	0.082	0.256

MOTIF M07899_2.00
letter-probability matrix: alength= 4 w= 20 nsites= 20 E= 0
	0.340122	0.317719	0.219959	0.1222
	0.050916	0.325866	0.221996	0.401222
	0.460285	0.065173	0.366599	0.107943
	0.0264769735230265	0.344195655804344	0.551934448065552	0.0773929226070774
	0.020367	0.562118	0.010183	0.407332
	0.1222	0.016293	0.751527	0.10998
	0.057026	0.755601	0.038697	0.148676
	0.0	0.97556	0.002037	0.022403
	0.397149	0.517312	0.050916	0.034623
	0.010183	0.529532	0.01833	0.441955
	0.01222	0.979633	0.0	0.008147
	0.04277	0.052953	0.016293	0.887984
	0.395112	0.046843	0.407332	0.150713
	0.028513	0.303462	0.631365	0.03666
	0.081466	0.093686	0.014257	0.810591
	0.008147	0.0	0.985743	0.00611
	0.0346230346230346	0.0407330407330407	0.849287849287849	0.0753560753560754
	0.136456	0.541752	0.06721	0.254582
	0.236253	0.435845	0.156823	0.171079
	0.486762	0.114053	0.329939	0.069246

MOTIF M07900_2.00
letter-probability matrix: alength= 4 w= 17 nsites= 20 E= 0
	0.28	0.388	0.242	0.09
	0.04	0.33	0.264	0.366
	0.4	0.076	0.446	0.078
	0.028	0.316	0.6	0.056
	0.022	0.68	0.008	0.29
	0.07	0.012	0.85	0.068
	0.038	0.79	0.038	0.134
	0.0	0.988	0.002	0.01
	0.292	0.61	0.052	0.046
	0.006	0.582	0.012	0.4
	0.008	0.988	0.004	0.0
	0.026	0.058	0.018	0.898
	0.3	0.072	0.528	0.1
	0.01	0.342	0.62	0.028
	0.076	0.194	0.026	0.704
	0.0	0.0	0.992	0.008
	0.05	0.036	0.858	0.056

MOTIF M07901_2.00
letter-probability matrix: alength= 4 w= 11 nsites= 20 E= 0
	0.0603620603620604	0.724346724346724	0.0402410402410402	0.175050175050175
	0.006036	0.979879	0.0	0.014085
	0.364185	0.579477	0.034205	0.022133
	0.008048	0.468813	0.016097	0.507042
	0.0	0.997988	0.0	0.002012
	0.026157	0.024145	0.008048	0.94165
	0.420523	0.030181	0.422535	0.126761
	0.008048	0.297787	0.65996	0.034205
	0.078471	0.076459	0.01006	0.83501
	0.0	0.0	1.0	0.0
	0.054326	0.034205	0.800805	0.110664

MOTIF M07902_2.00
letter-probability matrix: alength= 4 w= 15 nsites= 20 E= 0
	0.446894446894447	0.0721440721440721	0.364729364729365	0.116232116232116
	0.0440880440880441	0.346693346693347	0.494990494990495	0.114228114228114
	0.03006	0.523046	0.014028	0.432866
	0.118236	0.01002	0.727455	0.144289
	0.068136	0.739479	0.044088	0.148297
	0.0	0.977956	0.0	0.022044
	0.370741370741371	0.575150575150575	0.02004002004002	0.0340680340680341
	0.01002	0.511022	0.01002	0.468938
	0.0	0.98998	0.0	0.01002
	0.026052	0.024048	0.018036	0.931864
	0.384769615230385	0.0380759619240381	0.442885557114443	0.134268865731134
	0.014028	0.314629	0.631263	0.04008
	0.0781560781560782	0.0981960981960982	0.016032016032016	0.807615807615808
	0.004008	0.0	0.995992	0.0
	0.0581160581160581	0.0420840420840421	0.80961980961981	0.0901800901800902

MOTIF M07903_2.00
letter-probability matrix: alength= 4 w= 13 nsites= 20 E= 0
	0.02863	0.554192	0.014315	0.402863
	0.122699122699123	0.0245400245400245	0.723926723926724	0.128834128834129
	0.055215	0.742331	0.05317	0.149284
	0.0	0.993865	0.0	0.006135
	0.402863	0.548057	0.026585	0.022495
	0.00817999182000818	0.496932503067497	0.0143149856850143	0.480572519427481
	0.0	0.993865	0.0	0.006135
	0.03272	0.038855	0.02045	0.907975
	0.355828	0.05726	0.435583	0.151329
	0.014315	0.300613	0.638037	0.047035
	0.05317	0.106339	0.006135	0.834356
	0.0	0.0	1.0	0.0
	0.0408999591000409	0.0286299713700286	0.844580155419845	0.0858899141100859

MOTIF M07904_2.00
letter-probability matrix: alength= 4 w= 15 nsites= 20 E= 0
	0.047619	0.339545	0.538302	0.074534
	0.022774	0.619048	0.010352	0.347826
	0.0848860848860849	0.0124220124220124	0.811594811594812	0.0910970910970911
	0.033126	0.795031	0.045549	0.126294
	0.00207	0.989648	0.004141	0.004141
	0.310559	0.63354	0.026915	0.028986
	0.006211	0.546584	0.004141	0.443064
	0.0	1.0	0.0	0.0
	0.020704	0.045549	0.012422	0.921325
	0.289855	0.066253	0.52795	0.115942
	0.004141	0.320911	0.643892	0.031056
	0.0683230683230683	0.175983175983176	0.0165630165630166	0.739130739130739
	0.0	0.0	1.0	0.0
	0.043478	0.037267	0.857143	0.062112
	0.134575865424135	0.604554395445605	0.057970942029058	0.202898797101203

MOTIF M07905_2.00
letter-probability matrix: alength= 4 w= 12 nsites= 20 E= 0
	0.018109	0.54326	0.012072	0.426559
	0.126761	0.028169	0.708249	0.136821
	0.062374	0.72837	0.056338	0.152918
	0.006036	0.979879	0.0	0.014085
	0.362173	0.571429	0.032193	0.034205
	0.0120720120720121	0.503018503018503	0.0100600100600101	0.474849474849475
	0.0	0.997988	0.0	0.002012
	0.030181	0.026157	0.006036	0.937626
	0.408450591549408	0.0422539577460423	0.418510581489418	0.130784869215131
	0.0181089818910181	0.27967772032228	0.65995934004066	0.0422539577460423
	0.0704229295770704	0.0885309114690885	0.0140849859150141	0.826961173038827
	0.0	0.0	0.997988	0.002012

MOTIF M07906_2.00
letter-probability matrix: alength= 4 w= 18 nsites= 20 E= 0
	0.218107	0.187243	0.23251	0.36214
	0.36214	0.294239	0.199588	0.144033
	0.041152	0.302469	0.244856	0.411523
	0.44856	0.08642	0.349794	0.115226
	0.037037	0.382716	0.506173	0.074074
	0.006173	0.50823	0.0	0.485597
	0.117284117284117	0.00823000823000823	0.79012379012379	0.0843620843620844
	0.0617280617280617	0.804527804527805	0.034979034979035	0.0987650987650988
	0.0	0.987654	0.0	0.012346
	0.45679	0.493827	0.018519	0.030864
	0.00823000823000823	0.473251473251473	0.0102880102880103	0.508230508230508
	0.00411500411500411	0.987654987654988	0.0	0.00823000823000823
	0.0185189814810185	0.0493829506170494	0.0308639691360309	0.901234098765901
	0.378601	0.069959	0.388889	0.162551
	0.024691	0.277778	0.666667	0.030864
	0.0761319238680761	0.102880897119103	0.0102879897120103	0.810699189300811
	0.0	0.0	1.0	0.0
	0.0452670452670453	0.034979034979035	0.839506839506839	0.0802470802470802

MOTIF M07907_2.00
letter-probability matrix: alength= 4 w= 18 nsites= 20 E= 0
	0.060484	0.342742	0.239919	0.356855
	0.465726	0.094758	0.326613	0.112903
	0.044355	0.318548	0.534274	0.102823
	0.018145	0.534274	0.012097	0.435484
	0.102823	0.022177	0.768145	0.106855
	0.0645160645160645	0.814516814516814	0.0362900362900363	0.0846770846770847
	0.008065	0.975806	0.0	0.016129
	0.397177	0.546371	0.014113	0.042339
	0.014113	0.495968	0.004032	0.485887
	0.008065	0.969758	0.002016	0.020161
	0.042339	0.058468	0.034274	0.864919
	0.346774	0.066532	0.417339	0.169355
	0.02621	0.294355	0.647177	0.032258
	0.078629	0.122984	0.012097	0.78629
	0.006048	0.0	0.983871	0.010081
	0.0443550443550444	0.0383060383060383	0.848790848790849	0.0685480685480685
	0.135081	0.5	0.066532	0.298387
	0.22983877016123	0.401209598790401	0.195564804435196	0.173386826613173

MOTIF M07908_2.00
letter-probability matrix: alength= 4 w= 21 nsites= 20 E= 0
	0.210752789247211	0.292472707527292	0.234408765591234	0.262365737634262
	0.298924701075299	0.33978466021534	0.270967729032271	0.0903229096770903
	0.034409	0.417204	0.251613	0.296774
	0.374193625806374	0.122580877419123	0.384945615054385	0.118279881720118
	0.043011	0.262366	0.64086	0.053763
	0.0	0.698925	0.012903	0.288172
	0.051613	0.008602	0.851613	0.088172
	0.043011	0.864516	0.036559	0.055914
	0.006452	0.989247	0.0	0.004301
	0.294623705376295	0.634408365591634	0.0344089655910344	0.0365589634410366
	0.008602	0.647312	0.006452	0.337634
	0.0	1.0	0.0	0.0
	0.0215050215050215	0.0537630537630538	0.0258060258060258	0.898925898925899
	0.264516	0.08172	0.567742	0.086022
	0.006452	0.32043	0.64086	0.032258
	0.083871	0.309677	0.023656	0.582796
	0.0	0.0	0.995699	0.004301
	0.0322580322580323	0.0537630537630538	0.864516864516864	0.0494620494620495
	0.135484	0.602151	0.077419	0.184946
	0.152688	0.483871	0.206452	0.156989
	0.382796	0.146237	0.393548	0.077419

MOTIF M07909_2.00
letter-probability matrix: alength= 4 w= 15 nsites= 20 E= 0
	0.581489	0.04829	0.255533	0.114688
	0.086519	0.327968	0.452716	0.132797
	0.028169	0.406439	0.024145	0.541247
	0.205231	0.006036	0.661972	0.126761
	0.134809	0.730382	0.034205	0.100604
	0.0	1.0	0.0	0.0
	0.58953758953759	0.342052342052342	0.0100600100600101	0.0583500583500584
	0.002012	0.382294	0.004024	0.61167
	0.004024	0.981891	0.0	0.014085
	0.036217	0.032193	0.014085	0.917505
	0.643863	0.022133	0.183099	0.150905
	0.0422539577460423	0.257544742455258	0.657947342052658	0.0422539577460423
	0.0663980663980664	0.0342050342050342	0.0	0.899396899396899
	0.0	0.0	0.991952	0.008048
	0.0824950824950825	0.0342050342050342	0.758551758551759	0.124748124748125

MOTIF M07910_2.00
