MEME version 5.4.1 (Tue Mar 1 19:18:48 2022 -0800)
ALPHABET= ACGT
strands: + -
Background letter frequencies (from uniform background):
A 0.25000 C 0.25000 G 0.25000 T 0.25000 
MOTIF M08022_2.00
letter-probability matrix: alength= 4 w= 15 nsites= 20 E= 0
	0.476426523573476	0.0545909454090546	0.337468662531338	0.131513868486132
	0.096774	0.287841	0.526055	0.08933
	0.029777	0.53598	0.002481	0.431762
	0.081886	0.007444	0.754342	0.156328
	0.052109	0.861042	0.009926	0.076923
	0.007444	0.98263	0.0	0.009926
	0.354839	0.590571	0.019851	0.034739
	0.004963	0.563275	0.004963	0.426799
	0.00248100248100248	0.995037995037995	0.00248100248100248	0.0
	0.00992599007400993	0.0198509801490199	0.00992599007400993	0.96029703970296
	0.35980135980136	0.0471460471460471	0.384615384615385	0.208437208437208
	0.002481	0.39206	0.548387	0.057072
	0.08933	0.047146	0.012407	0.851117
	0.0	0.0	0.992556	0.007444
	0.032258	0.019851	0.875931	0.07196

MOTIF M08966_2.00
letter-probability matrix: alength= 4 w= 20 nsites= 20 E= 0
	0.306	0.36	0.242	0.092
	0.046	0.358	0.304	0.292
	0.43	0.118	0.362	0.09
	0.02	0.246	0.67	0.064
	0.004	0.738	0.006	0.252
	0.03	0.0	0.904	0.066
	0.058	0.9	0.02	0.022
	0.01	0.98	0.008	0.002
	0.29	0.64	0.036	0.034
	0.002	0.65	0.0	0.348
	0.004	0.994	0.0	0.002
	0.024	0.052	0.038	0.886
	0.242	0.042	0.612	0.104
	0.01	0.368	0.602	0.02
	0.06	0.286	0.018	0.636
	0.002	0.0	0.99	0.008
	0.036	0.048	0.876	0.04
	0.116	0.588	0.092	0.204
	0.15	0.526	0.176	0.148
	0.424	0.128	0.368	0.08

